110,6
110,5
75,7
75,6
75,5
410,17
410,16
410,15
410,14
410,13
410,12
410,11
410,10
410,9
410,8
410,7
410,6
98,7
98,6
596,7
596,6
596,5
596,4
596,3
596,2
596,1
596,0
376,5
376,4
595,4
595,3
595,2
595,1
595,0
375,4
374,4
373,4
594,7
594,6
594,5
594,4
594,3
594,2
594,1
594,0
372,5
372,4
593,6
593,5
593,4
593,3
593,2
593,1
593,0
5,77
592,5
592,4
592,3
592,2
592,1
592,0
371,4
591,5
591,4
591,3
591,2
591,1
591,0
370,4
369,4
368,4
590,5
590,4
590,3
590,2
590,1
590,0
367,4
589,3
589,2
589,1
589,0
364,4
588,5
588,4
588,3
588,2
588,1
588,0
363,4
360,8
360,7
360,6
360,5
360,4
358,4
357,10
357,9
357,8
357,7
357,6
357,5
357,4
356,4
355,4
587,6
587,5
587,4
587,3
587,2
587,1
587,0
586,6
586,5
586,4
586,3
586,2
586,1
586,0
354,5
354,4
353,4
352,9
352,8
352,7
352,6
352,5
352,4
351,4
0,243
350,4
0,242
349,4
348,4
5,74
585,9
585,8
585,7
585,6
585,5
585,4
585,3
585,2
585,1
585,0
347,7
347,6
347,5
347,4
346,4
345,5
345,4
344,4
584,6
584,5
584,4
584,3
584,2
584,1
584,0
583,6
583,5
583,4
583,3
583,2
583,1
583,0
343,6
343,5
343,4
582,5
582,4
582,3
582,2
582,1
582,0
342,4
581,11
581,10
581,9
581,8
581,7
581,6
581,5
581,4
581,3
581,2
581,1
581,0
580,11
580,10
580,9
580,8
580,7
580,6
580,5
580,4
580,3
580,2
580,1
580,0
579,10
579,9
579,8
579,7
579,6
579,5
579,4
579,3
579,2
579,1
579,0
578,9
578,8
578,7
578,6
578,5
578,4
578,3
578,2
578,1
578,0
577,9
577,8
577,7
577,6
577,5
577,4
577,3
577,2
577,1
577,0
576,9
576,8
576,7
576,6
576,5
576,4
576,3
576,2
576,1
576,0
575,9
575,8
575,7
575,6
575,5
575,4
575,3
575,2
575,1
575,0
574,9
574,8
574,7
574,6
574,5
574,4
574,3
574,2
574,1
574,0
340,9
340,8
340,7
340,6
340,5
5,72
340,4
337,5
337,4
336,4
573,7
573,6
573,5
573,4
573,3
573,2
573,1
573,0
572,6
572,5
572,4
572,3
572,2
572,1
572,0
571,5
571,4
571,3
571,2
571,1
571,0
335,4
334,4
570,10
570,9
570,8
570,7
570,6
570,5
570,4
570,3
570,2
570,1
570,0
5,70
333,10
333,9
333,8
333,7
333,6
333,5
333,4
332,17
332,16
332,15
332,14
332,13
332,12
332,11
332,10
332,9
332,8
332,7
332,6
5,69
332,5
332,4
330,4
569,3
569,2
569,1
569,0
327,4
568,7
568,6
568,5
568,4
568,3
568,2
568,1
568,0
5,68
326,6
326,5
326,4
325,4
567,12
567,11
567,10
567,9
567,8
567,7
567,6
567,5
567,4
567,3
567,2
567,1
567,0
566,10
566,9
566,8
566,7
566,6
566,5
566,4
566,3
566,2
566,1
566,0
5,67
565,9
565,8
565,7
565,6
565,5
565,4
565,3
565,2
565,1
565,0
5,66
564,8
564,7
564,6
564,5
564,4
564,3
564,2
564,1
564,0
324,7
5,65
324,6
324,5
324,4
5,64
323,4
563,8
563,7
563,6
563,5
563,4
563,3
563,2
563,1
563,0
322,5
322,4
321,4
562,8
562,7
562,6
562,5
562,4
562,3
562,2
562,1
562,0
561,8
561,7
561,6
561,5
561,4
561,3
561,2
561,1
561,0
560,8
560,7
560,6
560,5
560,4
560,3
560,2
560,1
560,0
559,8
559,7
559,6
559,5
559,4
559,3
559,2
559,1
559,0
320,8
320,7
320,6
320,5
320,4
319,4
0,237
558,6
558,5
558,4
558,3
558,2
558,1
558,0
557,6
557,5
557,4
557,3
557,2
557,1
557,0
318,5
0,236
318,4
316,4
556,13
556,12
556,11
556,10
556,9
556,8
556,7
556,6
556,5
556,4
556,3
556,2
556,1
556,0
555,13
555,12
555,11
555,10
555,9
555,8
555,7
555,6
555,5
555,4
555,3
555,2
555,1
555,0
0,234
554,13
554,12
554,11
554,10
554,9
554,8
554,7
554,6
554,5
554,4
554,3
554,2
554,1
554,0
553,13
553,12
553,11
553,10
553,9
553,8
553,7
553,6
553,5
553,4
553,3
553,2
553,1
553,0
552,13
552,12
552,11
552,10
552,9
552,8
552,7
552,6
552,5
552,4
552,3
552,2
552,1
552,0
551,13
551,12
551,11
551,10
551,9
551,8
551,7
551,6
551,5
551,4
551,3
551,2
551,1
551,0
315,13
315,12
315,11
315,10
315,9
315,8
0,231
315,7
315,6
315,5
315,4
314,4
550,7
550,6
550,5
550,4
550,3
550,2
550,1
550,0
549,7
549,6
549,5
549,4
549,3
549,2
549,1
549,0
548,7
548,6
548,5
548,4
548,3
548,2
548,1
548,0
313,7
313,6
313,5
313,4
312,4
547,8
547,7
547,6
547,5
547,4
547,3
547,2
547,1
547,0
311,8
311,7
311,6
311,5
311,4
546,6
546,5
546,4
546,3
546,2
546,1
546,0
545,5
545,4
545,3
545,2
545,1
545,0
309,5
309,4
308,4
544,5
544,4
544,3
544,2
544,1
544,0
307,5
307,4
543,5
543,4
543,3
543,2
543,1
543,0
306,5
306,4
305,5
305,4
304,4
303,4
542,4
542,3
542,2
542,1
542,0
302,4
301,5
301,4
300,4
541,10
541,9
541,8
541,7
541,6
541,5
541,4
541,3
541,2
541,1
541,0
0,230
540,10
540,9
540,8
540,7
540,6
540,5
540,4
540,3
540,2
540,1
540,0
539,7
5,39
539,6
539,5
539,4
539,3
539,2
539,1
539,0
299,4
298,4
538,6
538,5
538,4
538,3
538,2
538,1
538,0
537,6
537,5
537,4
537,3
537,2
537,1
537,0
536,6
536,5
536,4
536,3
536,2
536,1
536,0
296,6
296,5
296,4
535,6
535,5
535,4
535,3
535,2
535,1
535,0
295,5
295,4
294,4
293,4
291,5
5,37
291,4
290,4
289,5
289,4
534,16
534,15
534,14
534,13
534,12
534,11
534,10
534,9
534,8
534,7
534,6
534,5
534,4
534,3
534,2
534,1
534,0
533,15
533,14
533,13
533,12
533,11
533,10
533,9
533,8
533,7
533,6
533,5
533,4
533,3
533,2
533,1
533,0
532,15
532,14
532,13
532,12
532,11
532,10
532,9
532,8
532,7
532,6
532,5
532,4
532,3
532,2
532,1
532,0
531,15
531,14
531,13
531,12
531,11
531,10
531,9
531,8
531,7
531,6
531,5
531,4
531,3
531,2
531,1
531,0
530,14
530,13
530,12
530,11
530,10
530,9
530,8
530,7
530,6
530,5
530,4
530,3
530,2
530,1
530,0
288,13
288,12
288,11
288,10
288,9
288,8
288,7
288,6
288,5
288,4
529,4
529,3
529,2
529,1
529,0
285,4
284,6
284,5
284,4
283,4
528,4
528,3
528,2
528,1
528,0
282,4
527,8
527,7
527,6
527,5
527,4
527,3
527,2
527,1
527,0
278,8
278,7
278,6
278,5
278,4
274,4
273,7
273,6
273,5
273,4
272,6
272,5
272,4
526,6
526,5
526,4
526,3
526,2
526,1
526,0
525,5
525,4
525,3
525,2
525,1
525,0
269,4
267,4
266,6
266,5
266,4
264,4
262,5
262,4
260,4
252,4
524,7
524,6
524,5
524,3
524,2
524,1
524,0
523,5
523,4
523,3
523,2
523,1
523,0
522,4
522,3
522,2
522,1
522,0
250,4
521,13
521,12
521,11
521,10
521,9
521,8
521,7
521,6
521,5
521,4
521,3
521,2
521,1
521,0
249,6
249,5
249,4
248,5
248,4
5,34
247,4
246,6
246,5
246,4
245,4
244,4
242,4
240,4
239,4
520,7
520,6
520,5
520,4
520,3
520,2
520,1
520,0
0,227
238,5
238,4
237,7
237,6
237,5
237,4
236,4
235,6
235,5
235,4
233,4
519,6
519,5
519,4
519,3
519,2
519,1
519,0
518,6
518,5
518,4
518,3
518,2
518,1
518,0
232,5
232,4
517,6
517,5
517,4
517,3
517,2
517,1
517,0
516,5
516,4
516,3
516,2
516,1
516,0
231,4
230,4
515,6
515,5
515,4
515,3
515,2
515,1
515,0
229,4
228,4
227,4
226,5
226,4
225,4
514,7
514,6
514,5
514,4
514,3
514,2
514,1
514,0
513,7
513,6
513,5
513,4
513,3
513,2
513,1
513,0
224,4
223,4
512,7
5,33
512,6
512,5
512,4
512,3
512,2
512,1
512,0
222,5
222,4
511,3
511,2
511,1
511,0
219,4
218,4
217,10
217,9
217,8
217,7
217,6
217,5
217,4
215,4
510,4
510,3
510,2
510,1
510,0
214,4
509,7
509,6
509,5
509,4
509,3
509,2
509,1
509,0
508,7
508,6
508,5
508,4
508,3
508,2
508,1
508,0
213,7
213,6
213,5
213,4
212,4
507,5
507,4
507,3
507,2
507,1
507,0
211,5
211,4
210,4
506,4
506,3
506,2
506,1
506,0
208,4
505,8
505,7
505,6
505,5
505,4
505,3
505,2
505,1
505,0
0,226
5,32
504,7
504,6
504,5
504,4
504,3
504,2
504,1
504,0
207,7
207,6
207,5
207,4
206,4
503,8
503,7
503,6
503,5
503,4
503,3
503,2
503,1
503,0
502,8
502,7
502,6
502,5
502,4
502,3
502,2
502,1
502,0
501,8
501,7
501,6
501,5
501,4
501,3
501,2
501,1
501,0
205,8
205,7
205,6
205,5
205,4
204,4
500,7
500,6
500,5
500,4
500,3
500,2
500,1
500,0
499,7
499,6
499,5
499,4
499,3
499,2
499,1
499,0
498,7
498,6
498,5
498,4
498,3
498,2
498,1
498,0
203,7
203,6
203,5
203,4
202,4
201,4
497,4
497,3
497,2
497,1
497,0
199,4
496,8
496,7
496,6
496,5
496,4
496,3
496,2
496,1
496,0
495,7
495,6
495,5
495,4
495,3
495,2
495,1
495,0
198,7
198,6
198,5
5,31
198,4
494,10
494,9
494,8
494,7
494,6
494,5
494,4
494,3
494,2
494,1
494,0
493,10
493,9
493,8
493,7
493,6
493,5
493,4
493,3
493,2
493,1
493,0
0,224
492,10
492,9
492,8
492,7
492,6
492,5
492,4
492,3
492,2
492,1
492,0
491,10
491,9
491,8
491,7
491,6
491,5
491,4
491,3
491,2
491,1
491,0
197,10
197,9
197,8
197,7
197,6
197,5
197,4
196,4
490,13
490,12
490,11
490,10
490,9
490,8
490,7
490,6
490,5
490,4
490,3
490,2
490,1
490,0
489,13
489,12
489,11
489,10
489,9
489,8
489,7
489,6
489,5
489,4
489,3
489,2
489,1
489,0
0,222
488,13
488,12
488,11
488,10
488,9
488,8
488,7
488,6
488,5
488,4
488,3
488,2
488,1
488,0
487,13
487,12
487,11
487,10
487,9
487,8
487,7
487,6
487,5
487,4
487,3
487,2
487,1
487,0
486,13
486,12
486,11
486,10
486,9
486,8
486,7
486,6
486,5
486,4
486,3
486,2
486,1
486,0
195,13
195,12
195,11
195,10
195,9
195,8
195,7
195,6
195,5
195,4
194,4
193,4
190,4
188,11
188,10
188,9
188,8
188,7
188,6
188,5
188,4
187,4
485,4
485,3
485,2
485,1
485,0
186,4
484,5
484,4
484,3
484,2
484,1
484,0
185,5
185,4
183,4
483,8
483,7
483,6
483,5
483,4
483,3
483,2
483,1
483,0
482,8
482,7
482,6
482,5
482,4
482,3
482,2
482,1
482,0
481,8
481,7
481,6
481,5
481,4
481,3
481,2
481,1
481,0
480,8
480,7
480,6
480,5
480,4
480,3
480,2
480,1
480,0
182,8
182,7
182,6
182,5
182,4
181,4
180,4
179,11
179,10
179,9
179,8
179,7
179,6
179,5
179,4
176,4
175,4
479,5
479,4
479,3
479,2
479,1
479,0
174,4
478,5
478,4
478,3
478,2
478,1
478,0
173,4
172,6
172,5
172,4
171,6
171,5
171,4
170,5
170,4
169,5
5,30
169,4
477,6
477,5
477,4
477,3
477,2
477,1
477,0
168,4
476,5
476,4
476,3
476,2
476,1
476,0
167,4
166,4
165,5
165,4
164,4
475,6
475,5
475,4
475,3
475,2
475,1
475,0
474,6
474,5
474,4
474,3
474,2
474,1
474,0
163,6
163,5
163,4
162,4
161,5
0,220
161,4
160,4
158,4
473,4
473,3
473,2
473,1
473,0
157,4
156,4
472,7
472,6
472,5
472,4
472,3
472,2
472,1
472,0
471,7
471,6
471,5
471,4
471,3
471,2
471,1
471,0
470,7
470,6
470,5
470,4
470,3
470,2
470,1
470,0
155,7
5,29
155,6
155,5
155,4
154,4
153,9
153,8
153,7
153,6
153,5
153,4
469,5
469,4
469,3
469,2
469,1
469,0
152,5
152,4
151,4
468,10
468,9
468,8
468,7
468,6
468,5
468,4
468,3
468,2
468,1
468,0
467,9
467,8
467,7
467,6
467,5
467,4
467,3
467,2
467,1
467,0
466,9
466,8
466,7
466,6
466,5
466,4
466,3
466,2
466,1
466,0
0,219
150,9
150,8
150,7
150,6
150,5
150,4
149,4
465,6
465,5
465,4
465,3
465,2
465,1
465,0
464,6
464,5
464,4
464,3
464,2
464,1
464,0
148,6
148,5
148,4
147,4
145,4
463,7
463,6
463,5
463,4
463,3
463,2
463,1
463,0
462,6
462,5
462,4
462,3
462,2
462,1
462,0
5,28
461,6
461,5
461,4
461,3
461,2
461,1
461,0
144,5
144,4
5,27
143,4
460,6
460,5
460,4
460,3
460,2
460,1
460,0
140,4
139,4
459,7
459,6
459,5
459,4
459,3
459,2
459,1
459,0
138,5
138,4
458,6
458,5
458,4
458,3
458,2
458,1
458,0
0,218
137,5
137,4
136,4
457,11
457,10
457,9
457,8
457,7
457,6
457,5
457,4
457,3
457,2
457,1
457,0
456,11
456,10
456,9
456,8
456,7
456,6
456,5
456,4
456,3
456,2
456,1
456,0
455,11
455,10
455,9
455,8
455,7
455,6
455,5
455,4
455,3
455,2
455,1
455,0
454,11
454,10
454,9
454,8
454,7
454,6
454,5
454,4
454,3
454,2
454,1
454,0
453,11
453,10
453,9
453,8
453,7
453,6
453,5
453,4
453,3
453,2
453,1
453,0
135,11
135,10
135,9
135,8
135,7
135,6
0,217
135,5
0,216
135,4
133,4
452,5
452,4
452,3
452,2
452,1
452,0
451,5
451,4
451,3
451,2
451,1
451,0
450,5
450,4
450,3
450,2
450,1
450,0
449,5
449,4
449,3
449,2
449,1
449,0
448,5
448,4
448,3
448,2
448,1
448,0
447,5
447,4
447,3
447,2
447,1
447,0
446,5
446,4
446,3
446,2
446,1
446,0
445,5
445,4
445,3
445,2
445,1
445,0
444,5
5,26
444,4
444,3
444,2
444,1
444,0
443,5
443,4
443,3
443,2
443,1
443,0
442,5
442,4
442,3
442,2
442,1
442,0
441,5
441,4
441,3
441,2
441,1
441,0
440,5
440,4
440,3
440,2
440,1
440,0
439,5
439,4
439,3
439,2
439,1
439,0
438,5
438,4
438,3
438,2
438,1
438,0
437,5
437,4
437,3
437,2
437,1
437,0
436,5
436,4
436,3
436,2
436,1
436,0
435,5
435,4
435,3
435,2
435,1
435,0
434,5
434,4
434,3
434,2
434,1
434,0
433,5
433,4
433,3
433,2
433,1
433,0
432,5
432,4
432,3
432,2
432,1
432,0
431,5
431,4
431,3
431,2
431,1
431,0
430,5
430,4
430,3
430,2
430,1
430,0
429,5
429,4
429,3
429,2
429,1
429,0
428,4
428,3
428,2
428,1
428,0
124,4
427,5
427,4
427,3
427,2
427,1
427,0
426,5
426,4
426,3
426,2
426,1
426,0
425,5
425,4
425,3
425,2
425,1
425,0
424,5
424,4
424,3
424,2
424,1
424,0
423,5
423,4
423,3
423,2
423,1
423,0
422,5
422,4
422,3
422,2
422,1
422,0
421,5
0,215
421,4
421,3
421,2
421,1
421,0
420,5
420,4
420,3
420,2
420,1
420,0
419,5
419,4
419,3
419,2
419,1
419,0
418,5
418,4
418,3
418,2
418,1
418,0
417,5
417,4
417,3
417,2
417,1
417,0
416,5
416,4
416,3
416,2
416,1
416,0
415,5
415,4
415,3
415,2
415,1
415,0
414,5
414,4
414,3
414,2
414,1
414,0
413,5
413,4
413,3
413,2
413,1
413,0
412,7
412,6
412,5
412,4
412,3
412,2
412,1
412,0
411,6
411,5
411,4
411,3
411,2
411,1
411,0
117,6
117,5
117,4
116,4
115,4
114,4
0,214
113,4
112,4
111,4
110,4
109,4
108,4
107,4
106,4
105,4
104,4
103,4
102,4
100,4
98,5
94,4
93,4
92,4
88,4
87,4
85,4
84,4
83,4
82,4
81,4
80,4
79,5
79,4
76,4
75,4
70,5
70,4
69,4
68,4
67,4
410,5
410,4
410,3
